31 41 127
252 199 23
187 104 186
179 213 201
20 118 201
0 244 199
214 223 90
22 12 73
62 220 142
230 137 196
15 87 2
139 130 106
11 26 236
141 37 119
104 203 147
236 222 126
22 179 158
174 163 228
237 8 28
53 189 233
136 212 222
244 164 126
199 136 243
94 244 218
218 72 186
225 173 64
180 81 253
16 207 213
38 95 178
28 156 121
77 212 91
2 5 79
152 114 38
21 37 85
137 182 190
194 211 91
42 11 90
219 127 108
235 119 5
8 206 68
202 170 234
121 17 31
126 215 66
106 73 58
26 158 43
167 133 24
22 98 139
87 240 145
31 113 84
238 22 141
